0.999930 0.000010 0.000010 0.000010 0.000010 0.000010 0.000010 0.000010
0.999930 0.000010 0.000010 0.000010 0.000010 0.000010 0.000010 0.000010
0.999930 0.000010 0.000010 0.000010 0.000010 0.000010 0.000010 0.000010
0.999930 0.000010 0.000010 0.000010 0.000010 0.000010 0.000010 0.000010
0.999930 0.000010 0.000010 0.000010 0.000010 0.000010 0.000010 0.000010
0.999929 0.000010 0.000011 0.000010 0.000010 0.000010 0.000010 0.000010
0.999930 0.000010 0.000010 0.000010 0.000010 0.000010 0.000010 0.000010
0.999930 0.000010 0.000010 0.000010 0.000010 0.000010 0.000010 0.000010
0.999930 0.000010 0.000010 0.000010 0.000010 0.000010 0.000010 0.000010
0.999930 0.000010 0.000010 0.000010 0.000010 0.000010 0.000010 0.000010
0.999930 0.000010 0.000010 0.000010 0.000010 0.000010 0.000010 0.000010
0.999930 0.000010 0.000010 0.000010 0.000010 0.000010 0.000010 0.000010
0.999930 0.000010 0.000010 0.000010 0.000010 0.000010 0.000010 0.000010
0.999930 0.000010 0.000010 0.000010 0.000010 0.000010 0.000010 0.000010
0.999930 0.000010 0.000010 0.000010 0.000010 0.000010 0.000010 0.000010
0.999930 0.000010 0.000010 0.000010 0.000010 0.000010 0.000010 0.000010
0.999930 0.000010 0.000010 0.000010 0.000010 0.000010 0.000010 0.000010
0.999930 0.000010 0.000010 0.000010 0.000010 0.000010 0.000010 0.000010
0.999924 0.000010 0.000010 0.000010 0.000010 0.000010 0.000016 0.000010
0.999930 0.000010 0.000010 0.000010 0.000010 0.000010 0.000010 0.000010
0.999930 0.000010 0.000010 0.000010 0.000010 0.000010 0.000010 0.000010
0.999930 0.000010 0.000010 0.000010 0.000010 0.000010 0.000010 0.000010
0.999930 0.000010 0.000010 0.000010 0.000010 0.000010 0.000010 0.000010
0.999930 0.000010 0.000010 0.000010 0.000010 0.000010 0.000010 0.000010
0.999930 0.000010 0.000010 0.000010 0.000010 0.000010 0.000010 0.000010
0.999924 0.000010 0.000010 0.000010 0.000016 0.000010 0.000010 0.000010
0.999930 0.000010 0.000010 0.000010 0.000010 0.000010 0.000010 0.000010
0.999930 0.000010 0.000010 0.000010 0.000010 0.000010 0.000010 0.000010
0.999930 0.000010 0.000010 0.000010 0.000010 0.000010 0.000010 0.000010
0.999930 0.000010 0.000010 0.000010 0.000010 0.000010 0.000010 0.000010
0.999930 0.000010 0.000010 0.000010 0.000010 0.000010 0.000010 0.000010
0.999930 0.000010 0.000010 0.000010 0.000010 0.000010 0.000010 0.000010
0.999930 0.000010 0.000010 0.000010 0.000010 0.000010 0.000010 0.000010
0.999930 0.000010 0.000010 0.000010 0.000010 0.000010 0.000010 0.000010
0.999930 0.000010 0.000010 0.000010 0.000010 0.000010 0.000010 0.000010
0.999926 0.000010 0.000014 0.000010 0.000010 0.000010 0.000010 0.000010
0.999930 0.000010 0.000010 0.000010 0.000010 0.000010 0.000010 0.000010
0.999930 0.000010 0.000010 0.000010 0.000010 0.000010 0.000010 0.000010
0.999930 0.000010 0.000010 0.000010 0.000010 0.000010 0.000010 0.000010
0.999930 0.000010 0.000010 0.000010 0.000010 0.000010 0.000010 0.000010
0.999928 0.000010 0.000012 0.000010 0.000010 0.000010 0.000010 0.000010
0.999929 0.000010 0.000011 0.000010 0.000010 0.000010 0.000010 0.000010
0.999921 0.000010 0.000010 0.000010 0.000019 0.000010 0.000010 0.000010
0.992045 0.000010 0.000010 0.000010 0.000010 0.000010 0.000010 0.007895
0.999926 0.000010 0.000014 0.000010 0.000010 0.000010 0.000010 0.000010
0.999930 0.000010 0.000010 0.000010 0.000010 0.000010 0.000010 0.000010
0.999930 0.000010 0.000010 0.000010 0.000010 0.000010 0.000010 0.000010
0.999930 0.000010 0.000010 0.000010 0.000010 0.000010 0.000010 0.000010
0.999930 0.000010 0.000010 0.000010 0.000010 0.000010 0.000010 0.000010
0.999930 0.000010 0.000010 0.000010 0.000010 0.000010 0.000010 0.000010
0.999930 0.000010 0.000010 0.000010 0.000010 0.000010 0.000010 0.000010
0.999930 0.000010 0.000010 0.000010 0.000010 0.000010 0.000010 0.000010
0.999930 0.000010 0.000010 0.000010 0.000010 0.000010 0.000010 0.000010
0.999930 0.000010 0.000010 0.000010 0.000010 0.000010 0.000010 0.000010
0.999930 0.000010 0.000010 0.000010 0.000010 0.000010 0.000010 0.000010
0.944304 0.000010 0.007717 0.047929 0.000010 0.000010 0.000010 0.000010
0.959723 0.000010 0.011923 0.028304 0.000010 0.000010 0.000010 0.000010
0.977906 0.000010 0.008882 0.013161 0.000010 0.000010 0.000010 0.000010
0.952295 0.000010 0.014313 0.033342 0.000010 0.000010 0.000010 0.000010
0.937320 0.000010 0.012478 0.050152 0.000010 0.000010 0.000010 0.000010
0.965315 0.000010 0.001545 0.033090 0.000010 0.000010 0.000010 0.000010
0.940055 0.000010 0.014709 0.045185 0.000010 0.000010 0.000010 0.000010
0.950436 0.000010 0.008848 0.040667 0.000010 0.000010 0.000010 0.000010
0.933458 0.000010 0.004219 0.033897 0.000010 0.000010 0.001690 0.026706
0.945243 0.000010 0.012763 0.041944 0.000010 0.000010 0.000010 0.000010
0.950162 0.000010 0.012678 0.037102 0.000010 0.000010 0.000018 0.000010
0.952919 0.000010 0.010276 0.036755 0.000010 0.000010 0.000010 0.000010
0.950407 0.000010 0.013710 0.035832 0.000010 0.000010 0.000010 0.000010
0.942042 0.000010 0.010296 0.047612 0.000010 0.000010 0.000010 0.000010
0.961917 0.000010 0.007937 0.030097 0.000010 0.000010 0.000010 0.000010
0.952074 0.000010 0.017211 0.030665 0.000010 0.000010 0.000010 0.000010
0.972594 0.000010 0.005582 0.021775 0.000010 0.000010 0.000010 0.000010
0.999930 0.000010 0.000010 0.000010 0.000010 0.000010 0.000010 0.000010
0.999930 0.000010 0.000010 0.000010 0.000010 0.000010 0.000010 0.000010
0.999930 0.000010 0.000010 0.000010 0.000010 0.000010 0.000010 0.000010
0.999930 0.000010 0.000010 0.000010 0.000010 0.000010 0.000010 0.000010
0.999930 0.000010 0.000010 0.000010 0.000010 0.000010 0.000010 0.000010
0.999930 0.000010 0.000010 0.000010 0.000010 0.000010 0.000010 0.000010
0.999930 0.000010 0.000010 0.000010 0.000010 0.000010 0.000010 0.000010
0.999930 0.000010 0.000010 0.000010 0.000010 0.000010 0.000010 0.000010
0.999930 0.000010 0.000010 0.000010 0.000010 0.000010 0.000010 0.000010
0.999930 0.000010 0.000010 0.000010 0.000010 0.000010 0.000010 0.000010
0.999930 0.000010 0.000010 0.000010 0.000010 0.000010 0.000010 0.000010
0.999930 0.000010 0.000010 0.000010 0.000010 0.000010 0.000010 0.000010
0.999921 0.000010 0.000015 0.000010 0.000014 0.000010 0.000010 0.000010
0.999930 0.000010 0.000010 0.000010 0.000010 0.000010 0.000010 0.000010
0.999930 0.000010 0.000010 0.000010 0.000010 0.000010 0.000010 0.000010
0.995058 0.000010 0.000010 0.000010 0.000010 0.000010 0.000010 0.004882
0.999930 0.000010 0.000010 0.000010 0.000010 0.000010 0.000010 0.000010
0.999930 0.000010 0.000010 0.000010 0.000010 0.000010 0.000010 0.000010
0.999930 0.000010 0.000010 0.000010 0.000010 0.000010 0.000010 0.000010
0.999930 0.000010 0.000010 0.000010 0.000010 0.000010 0.000010 0.000010
0.999928 0.000010 0.000011 0.000010 0.000011 0.000010 0.000010 0.000010
0.999930 0.000010 0.000010 0.000010 0.000010 0.000010 0.000010 0.000010
0.999930 0.000010 0.000010 0.000010 0.000010 0.000010 0.000010 0.000010
0.999930 0.000010 0.000010 0.000010 0.000010 0.000010 0.000010 0.000010
0.999929 0.000010 0.000010 0.000011 0.000010 0.000010 0.000010 0.000010
0.999930 0.000010 0.000010 0.000010 0.000010 0.000010 0.000010 0.000010
0.999930 0.000010 0.000010 0.000010 0.000010 0.000010 0.000010 0.000010
0.999930 0.000010 0.000010 0.000010 0.000010 0.000010 0.000010 0.000010
0.999930 0.000010 0.000010 0.000010 0.000010 0.000010 0.000010 0.000010
0.999930 0.000010 0.000010 0.000010 0.000010 0.000010 0.000010 0.000010
0.999922 0.000010 0.000010 0.000010 0.000010 0.000010 0.000018 0.000010
0.959262 0.000010 0.006168 0.034520 0.000010 0.000010 0.000010 0.000010
0.951123 0.000010 0.008817 0.040011 0.000010 0.000010 0.000010 0.000010
0.972983 0.000010 0.006067 0.020900 0.000010 0.000010 0.000010 0.000010
0.953485 0.000010 0.012197 0.034268 0.000010 0.000010 0.000010 0.000010
0.931742 0.000010 0.019976 0.048222 0.000010 0.000010 0.000020 0.000010
0.931250 0.000010 0.014794 0.053906 0.000010 0.000010 0.000010 0.000010
0.969835 0.000010 0.000010 0.030105 0.000010 0.000010 0.000010 0.000010
0.969815 0.000010 0.016715 0.013420 0.000010 0.000010 0.000010 0.000010
0.975299 0.000010 0.008243 0.016408 0.000010 0.000010 0.000010 0.000010
0.960241 0.000010 0.006938 0.032771 0.000010 0.000010 0.000010 0.000010
0.982961 0.000010 0.004404 0.012585 0.000010 0.000010 0.000010 0.000010
0.954263 0.000010 0.011737 0.033950 0.000010 0.000010 0.000010 0.000010
0.961188 0.000010 0.004001 0.034761 0.000010 0.000010 0.000010 0.000010
0.956938 0.000010 0.015118 0.027894 0.000010 0.000010 0.000010 0.000010
0.962929 0.000010 0.004798 0.032222 0.000010 0.000010 0.000010 0.000010
0.958085 0.000010 0.013392 0.028472 0.000010 0.000010 0.000010 0.000010
0.944757 0.000010 0.017840 0.037353 0.000010 0.000010 0.000010 0.000010
0.954628 0.000010 0.013143 0.032179 0.000010 0.000010 0.000010 0.000010
0.941378 0.000010 0.010536 0.048036 0.000010 0.000010 0.000010 0.000010
0.960869 0.000010 0.006511 0.032570 0.000010 0.000010 0.000010 0.000010
0.967876 0.000010 0.006208 0.025866 0.000010 0.000010 0.000010 0.000010
0.939217 0.000010 0.009088 0.050046 0.000010 0.000010 0.001608 0.000010
0.957950 0.000010 0.015522 0.026478 0.000010 0.000010 0.000010 0.000010
0.974296 0.000010 0.014288 0.011365 0.000010 0.000010 0.000010 0.000010
0.989344 0.000010 0.010596 0.000010 0.000010 0.000010 0.000010 0.000010
0.946578 0.000010 0.008724 0.044125 0.000010 0.000010 0.000533 0.000010
0.945113 0.000010 0.016691 0.038146 0.000010 0.000010 0.000010 0.000010
0.971299 0.000010 0.002652 0.025999 0.000010 0.000010 0.000010 0.000010
0.953065 0.000010 0.008109 0.038772 0.000014 0.000010 0.000010 0.000010
0.962586 0.000010 0.005865 0.031499 0.000010 0.000010 0.000010 0.000010
0.939360 0.000010 0.016916 0.043669 0.000010 0.000010 0.000015 0.000010
0.956180 0.000010 0.008242 0.035528 0.000010 0.000010 0.000010 0.000010
0.951107 0.000010 0.020086 0.028756 0.000010 0.000010 0.000010 0.000010
0.944219 0.000010 0.011586 0.044146 0.000010 0.000010 0.000010 0.000010
0.963978 0.000010 0.006260 0.029712 0.000010 0.000010 0.000010 0.000010
0.960327 0.000010 0.009748 0.029875 0.000010 0.000010 0.000010 0.000010
0.961808 0.000010 0.008565 0.029577 0.000010 0.000010 0.000010 0.000010
0.978014 0.000010 0.000010 0.021926 0.000010 0.000010 0.000010 0.000010
0.960447 0.000010 0.006422 0.033081 0.000010 0.000010 0.000010 0.000010
0.964500 0.000010 0.013370 0.022080 0.000010 0.000010 0.000010 0.000010
0.955591 0.000010 0.006837 0.037522 0.000010 0.000010 0.000010 0.000010
0.973377 0.000010 0.000230 0.026343 0.000010 0.000010 0.000010 0.000010
0.976924 0.000010 0.000401 0.022625 0.000010 0.000010 0.000010 0.000010
0.951672 0.000010 0.008055 0.040223 0.000010 0.000010 0.000010 0.000010
0.971258 0.000010 0.009893 0.018799 0.000010 0.000010 0.000010 0.000010
0.966696 0.000010 0.005033 0.028221 0.000010 0.000010 0.000010 0.000010
0.960944 0.000010 0.008633 0.030373 0.000010 0.000010 0.000010 0.000010
0.958591 0.000010 0.009295 0.028466 0.000940 0.000010 0.002678 0.000010
0.937679 0.000010 0.010832 0.051439 0.000010 0.000010 0.000010 0.000010
0.955648 0.000010 0.013429 0.030873 0.000010 0.000010 0.000010 0.000010
0.984366 0.000010 0.000470 0.015115 0.000010 0.000010 0.000010 0.000010
0.953413 0.000010 0.019486 0.027051 0.000010 0.000010 0.000010 0.000010
0.965584 0.000010 0.002838 0.031528 0.000010 0.000010 0.000010 0.000010
0.957003 0.000010 0.006107 0.036841 0.000010 0.000010 0.000010 0.000010
0.994629 0.000010 0.005311 0.000010 0.000010 0.000010 0.000010 0.000010
0.964902 0.000010 0.000274 0.034774 0.000010 0.000010 0.000010 0.000010
0.953192 0.000010 0.003443 0.043314 0.000010 0.000010 0.000010 0.000010
0.976604 0.000010 0.004866 0.018480 0.000010 0.000010 0.000010 0.000010
0.964818 0.000010 0.002336 0.032796 0.000010 0.000010 0.000010 0.000010
0.965720 0.000010 0.013072 0.021158 0.000010 0.000010 0.000010 0.000010
0.946800 0.000010 0.010934 0.042216 0.000010 0.000010 0.000010 0.000010
0.972310 0.000010 0.004186 0.023454 0.000010 0.000010 0.000010 0.000010
0.944922 0.000010 0.010819 0.044208 0.000010 0.000010 0.000010 0.000010
0.962286 0.000010 0.015279 0.022385 0.000010 0.000010 0.000010 0.000010
0.959131 0.000010 0.006547 0.034272 0.000010 0.000010 0.000010 0.000010
0.944573 0.000010 0.014098 0.041279 0.000010 0.000010 0.000010 0.000010
0.954112 0.000010 0.016125 0.029712 0.000010 0.000010 0.000010 0.000010
0.949586 0.000010 0.013780 0.036584 0.000010 0.000010 0.000010 0.000010
0.948623 0.000010 0.012723 0.038604 0.000010 0.000010 0.000010 0.000010
0.952560 0.000010 0.017712 0.029678 0.000010 0.000010 0.000010 0.000010
0.958155 0.000010 0.010338 0.031456 0.000010 0.000010 0.000010 0.000010
0.958058 0.000010 0.007788 0.034104 0.000010 0.000010 0.000010 0.000010
0.937796 0.000010 0.010539 0.051615 0.000010 0.000010 0.000010 0.000010
0.956371 0.000010 0.014342 0.029237 0.000010 0.000010 0.000010 0.000010
0.972332 0.000010 0.003486 0.024131 0.000010 0.000010 0.000010 0.000010
0.948670 0.000010 0.005492 0.045788 0.000010 0.000010 0.000010 0.000010
0.963132 0.000010 0.008529 0.028289 0.000010 0.000010 0.000010 0.000010
0.985475 0.000010 0.009105 0.005370 0.000010 0.000010 0.000010 0.000010
0.962328 0.000010 0.006690 0.030932 0.000010 0.000010 0.000010 0.000010
0.957764 0.000010 0.010760 0.031427 0.000010 0.000010 0.000010 0.000010
0.958702 0.000010 0.000010 0.041238 0.000010 0.000010 0.000010 0.000010
0.961389 0.000010 0.011729 0.026832 0.000010 0.000010 0.000010 0.000010
0.000010 0.000010 0.000010 0.999930 0.000010 0.000010 0.000010 0.000010
0.000010 0.000010 0.000010 0.999930 0.000010 0.000010 0.000010 0.000010
0.000010 0.000010 0.000017 0.999923 0.000010 0.000010 0.000010 0.000010
0.000010 0.000010 0.000010 0.999930 0.000010 0.000010 0.000010 0.000010
0.000010 0.000010 0.000010 0.999930 0.000010 0.000010 0.000010 0.000010
0.000010 0.000010 0.000010 0.999930 0.000010 0.000010 0.000010 0.000010
0.000010 0.000010 0.000010 0.999930 0.000010 0.000010 0.000010 0.000010
0.000011 0.000010 0.000010 0.999929 0.000010 0.000010 0.000010 0.000010
0.000010 0.000010 0.000010 0.999930 0.000010 0.000010 0.000010 0.000010
0.000011 0.000010 0.000010 0.999929 0.000010 0.000010 0.000010 0.000010
0.000010 0.000010 0.000010 0.999930 0.000010 0.000010 0.000010 0.000010
0.000011 0.000010 0.000010 0.999929 0.000010 0.000010 0.000010 0.000010
0.000010 0.000010 0.000010 0.999930 0.000010 0.000010 0.000010 0.000010
0.000012 0.000010 0.000010 0.999925 0.000013 0.000010 0.000010 0.000010
0.000010 0.000010 0.000010 0.999930 0.000010 0.000010 0.000010 0.000010
0.000010 0.000010 0.000010 0.999930 0.000010 0.000010 0.000010 0.000010
0.000010 0.000010 0.000010 0.999930 0.000010 0.000010 0.000010 0.000010
0.000010 0.000010 0.000010 0.999930 0.000010 0.000010 0.000010 0.000010
0.000010 0.000010 0.000010 0.999930 0.000010 0.000010 0.000010 0.000010
0.000010 0.000010 0.000010 0.999930 0.000010 0.000010 0.000010 0.000010
0.000010 0.000010 0.000010 0.999929 0.000011 0.000010 0.000010 0.000010
0.000010 0.000010 0.000010 0.999930 0.000010 0.000010 0.000010 0.000010
0.000010 0.000010 0.000010 0.999930 0.000010 0.000010 0.000010 0.000010
0.000010 0.000010 0.000010 0.999930 0.000010 0.000010 0.000010 0.000010
0.000010 0.000010 0.000010 0.999930 0.000010 0.000010 0.000010 0.000010
0.000010 0.000010 0.000010 0.999930 0.000010 0.000010 0.000010 0.000010
0.000010 0.000010 0.000010 0.999930 0.000010 0.000010 0.000010 0.000010
0.000010 0.000010 0.000010 0.999930 0.000010 0.000010 0.000010 0.000010
0.000010 0.000010 0.000010 0.999929 0.000011 0.000010 0.000011 0.000010
0.000010 0.000010 0.000010 0.999930 0.000010 0.000010 0.000010 0.000010
0.000010 0.000010 0.000010 0.999929 0.000011 0.000010 0.000010 0.000010
0.000010 0.000010 0.000010 0.999930 0.000010 0.000010 0.000010 0.000010
0.000010 0.000010 0.000010 0.999930 0.000010 0.000010 0.000010 0.000010
0.000010 0.000010 0.000010 0.999930 0.000010 0.000010 0.000010 0.000010
0.000010 0.000010 0.000010 0.999930 0.000010 0.000010 0.000010 0.000010
0.000010 0.000010 0.000010 0.999930 0.000010 0.000010 0.000010 0.000010
0.000010 0.000010 0.000010 0.999930 0.000010 0.000010 0.000010 0.000010
0.000010 0.000010 0.000010 0.999930 0.000010 0.000010 0.000010 0.000010
0.000011 0.000010 0.000010 0.999929 0.000010 0.000010 0.000010 0.000010
0.000010 0.000010 0.000010 0.999930 0.000010 0.000010 0.000010 0.000010
0.000010 0.000010 0.000010 0.999930 0.000010 0.000010 0.000010 0.000010
0.000010 0.000010 0.000010 0.999930 0.000010 0.000010 0.000010 0.000010
0.581713 0.000010 0.144729 0.000010 0.000010 0.080868 0.000010 0.192650
0.453997 0.000010 0.199039 0.000010 0.000010 0.180021 0.000010 0.166902
0.594056 0.000010 0.110959 0.000010 0.000010 0.076517 0.000010 0.218429
0.000010 0.000010 0.000010 0.999930 0.000010 0.000010 0.000010 0.000010
0.000010 0.000010 0.000010 0.999928 0.000012 0.000010 0.000010 0.000010
0.000010 0.000010 0.000010 0.999930 0.000010 0.000010 0.000010 0.000010
0.000010 0.000010 0.000010 0.999930 0.000010 0.000010 0.000010 0.000010
0.000011 0.000010 0.000010 0.999929 0.000010 0.000010 0.000010 0.000010
0.000011 0.000010 0.000010 0.999929 0.000010 0.000010 0.000010 0.000010
0.000010 0.000010 0.000010 0.999928 0.000010 0.000010 0.000012 0.000010
0.000010 0.000010 0.000010 0.999930 0.000010 0.000010 0.000010 0.000010
0.000011 0.000010 0.000010 0.999929 0.000010 0.000010 0.000010 0.000010
0.000010 0.000010 0.000010 0.999929 0.000011 0.000010 0.000010 0.000010
0.000010 0.000010 0.000010 0.999930 0.000010 0.000010 0.000010 0.000010
0.000010 0.000010 0.000010 0.998742 0.000010 0.000010 0.001198 0.000010
0.001698 0.000010 0.005418 0.992834 0.000010 0.000010 0.000010 0.000010
0.000011 0.000010 0.000010 0.999929 0.000010 0.000010 0.000011 0.000010
0.000010 0.000010 0.000010 0.999930 0.000010 0.000010 0.000010 0.000010
0.000010 0.000010 0.000010 0.999930 0.000010 0.000010 0.000010 0.000010
0.000010 0.000010 0.000010 0.999930 0.000010 0.000010 0.000010 0.000010
0.000010 0.000010 0.000010 0.999930 0.000010 0.000010 0.000010 0.000010
0.000011 0.000010 0.000010 0.999929 0.000010 0.000010 0.000010 0.000010
0.000010 0.000010 0.000010 0.999930 0.000010 0.000010 0.000010 0.000010
0.000010 0.000010 0.000010 0.999930 0.000010 0.000010 0.000010 0.000010
0.000010 0.000010 0.000010 0.999930 0.000010 0.000010 0.000010 0.000010
0.000011 0.000010 0.000010 0.999929 0.000010 0.000010 0.000010 0.000010
0.000010 0.000010 0.000010 0.999930 0.000010 0.000010 0.000010 0.000010
0.000010 0.000010 0.000010 0.999930 0.000010 0.000010 0.000010 0.000010
0.000010 0.000010 0.000010 0.999930 0.000010 0.000010 0.000010 0.000010
0.000010 0.000010 0.000012 0.999928 0.000010 0.000010 0.000010 0.000010
0.000010 0.000010 0.000010 0.999930 0.000010 0.000010 0.000010 0.000010
0.000020 0.000010 0.000010 0.994650 0.000010 0.000010 0.005281 0.000010
0.000010 0.000010 0.000010 0.999930 0.000010 0.000010 0.000010 0.000010
0.000010 0.000010 0.000010 0.999930 0.000010 0.000010 0.000010 0.000010
0.000011 0.000010 0.000010 0.999929 0.000011 0.000010 0.000010 0.000010
0.000010 0.000010 0.000010 0.999930 0.000010 0.000010 0.000010 0.000010
0.000010 0.000010 0.000010 0.999930 0.000010 0.000010 0.000010 0.000010
0.000010 0.000010 0.000010 0.999930 0.000010 0.000010 0.000010 0.000010
0.583725 0.000010 0.129777 0.000010 0.000010 0.150605 0.000010 0.135854
0.483146 0.002893 0.144925 0.000010 0.000010 0.155964 0.000010 0.213041
0.615610 0.000010 0.112094 0.000010 0.000010 0.061592 0.000010 0.210664
0.598377 0.000010 0.159298 0.000010 0.000010 0.074367 0.000010 0.167918
0.000010 0.000010 0.000010 0.999930 0.000010 0.000010 0.000010 0.000010
0.000012 0.000010 0.000010 0.999928 0.000010 0.000010 0.000010 0.000010
0.000010 0.000010 0.000010 0.999930 0.000010 0.000010 0.000010 0.000010
0.000010 0.000010 0.000010 0.999930 0.000010 0.000010 0.000010 0.000010
0.000010 0.000010 0.000010 0.999930 0.000010 0.000010 0.000010 0.000010
0.000010 0.000010 0.000013 0.999927 0.000010 0.000010 0.000010 0.000010
0.000010 0.000010 0.000010 0.999927 0.000010 0.000010 0.000013 0.000010
0.000010 0.000010 0.000010 0.999930 0.000010 0.000010 0.000010 0.000010
0.000012 0.000010 0.000010 0.999924 0.000010 0.000010 0.000014 0.000010
0.000010 0.000010 0.000010 0.999930 0.000010 0.000010 0.000010 0.000010
0.000010 0.000010 0.000010 0.999930 0.000010 0.000010 0.000010 0.000010
0.000010 0.000010 0.000010 0.999930 0.000010 0.000010 0.000010 0.000010
0.000010 0.000010 0.002002 0.997938 0.000010 0.000010 0.000010 0.000010
0.000010 0.000010 0.000010 0.999930 0.000010 0.000010 0.000010 0.000010
0.000015 0.000010 0.000010 0.999925 0.000010 0.000010 0.000010 0.000010
0.000010 0.000010 0.000010 0.999930 0.000010 0.000010 0.000010 0.000010
0.000010 0.000010 0.000010 0.999930 0.000010 0.000010 0.000010 0.000010
0.000010 0.000010 0.000017 0.999923 0.000010 0.000010 0.000010 0.000010
0.000010 0.000010 0.000010 0.999930 0.000010 0.000010 0.000010 0.000010
0.000010 0.000010 0.000010 0.999930 0.000010 0.000010 0.000010 0.000010
0.000010 0.000010 0.000010 0.999930 0.000010 0.000010 0.000010 0.000010
0.000010 0.000010 0.000016 0.999924 0.000010 0.000010 0.000010 0.000010
0.000010 0.000010 0.000010 0.999930 0.000010 0.000010 0.000010 0.000010
0.000013 0.000010 0.000010 0.999927 0.000010 0.000010 0.000010 0.000010
0.000011 0.000010 0.000010 0.999929 0.000010 0.000010 0.000010 0.000010
0.000010 0.000010 0.000010 0.999928 0.000012 0.000010 0.000010 0.000010
0.000010 0.000010 0.000010 0.999930 0.000010 0.000010 0.000010 0.000010
0.000010 0.000010 0.000010 0.999930 0.000010 0.000010 0.000010 0.000010
0.639772 0.000010 0.074916 0.000010 0.000010 0.016383 0.000010 0.268889
0.604924 0.000010 0.127908 0.000010 0.000010 0.042166 0.000010 0.224963
0.514265 0.001056 0.200864 0.000010 0.000010 0.099586 0.000010 0.184199
0.673322 0.000010 0.105645 0.000010 0.000010 0.054970 0.000010 0.166023
0.660183 0.000010 0.110643 0.000010 0.000010 0.074260 0.000010 0.154874
0.775447 0.003798 0.060958 0.000010 0.000010 0.045305 0.000010 0.114462
0.565705 0.000010 0.143447 0.000010 0.000010 0.118123 0.000010 0.172685
0.657734 0.000014 0.049144 0.000010 0.000010 0.049129 0.000010 0.243949
0.515969 0.000010 0.230040 0.000010 0.000010 0.084964 0.000010 0.168986
0.000010 0.000010 0.000010 0.999930 0.000010 0.000010 0.000010 0.000010
0.000010 0.000010 0.000010 0.994213 0.000010 0.000010 0.005727 0.000010
0.000010 0.000010 0.000010 0.999930 0.000010 0.000010 0.000010 0.000010
0.000010 0.000010 0.000010 0.999930 0.000010 0.000010 0.000010 0.000010
0.000010 0.000010 0.000010 0.999930 0.000010 0.000010 0.000010 0.000010
0.000010 0.000010 0.000010 0.999930 0.000010 0.000010 0.000010 0.000010
0.000010 0.000010 0.000010 0.996750 0.000010 0.000010 0.003190 0.000010
0.000010 0.000010 0.000010 0.997034 0.000011 0.000010 0.002905 0.000010
0.000011 0.000010 0.000010 0.996796 0.000010 0.000010 0.003142 0.000010
0.000010 0.000010 0.000010 0.993483 0.000010 0.000010 0.006457 0.000010
0.000010 0.000010 0.000010 0.999285 0.000010 0.000010 0.000655 0.000010
0.000010 0.000010 0.000010 0.999930 0.000010 0.000010 0.000010 0.000010
0.000010 0.000010 0.000010 0.990216 0.000010 0.000010 0.009724 0.000010
0.000010 0.000010 0.000010 0.998248 0.000010 0.000010 0.001692 0.000010
0.000010 0.000010 0.000010 0.999930 0.000010 0.000010 0.000010 0.000010
0.633400 0.000010 0.090956 0.000010 0.000010 0.074396 0.000010 0.201208
0.577795 0.000010 0.134486 0.000010 0.000010 0.103558 0.000010 0.184120
0.524921 0.007671 0.122613 0.000010 0.000010 0.224265 0.000010 0.120501
0.461656 0.007362 0.183341 0.000010 0.000010 0.198958 0.000010 0.148653
0.480290 0.011439 0.178466 0.000010 0.000010 0.198069 0.000010 0.131706
0.584802 0.000010 0.158749 0.000010 0.000010 0.055549 0.000010 0.200860
0.600665 0.000010 0.109442 0.000010 0.000010 0.121319 0.000010 0.168534
0.567648 0.000010 0.154160 0.000010 0.000010 0.116922 0.000010 0.161230
0.633769 0.000010 0.102663 0.000010 0.000010 0.083899 0.000010 0.179629
0.604436 0.000010 0.142468 0.000010 0.000010 0.064522 0.000010 0.188533
0.377316 0.008653 0.129989 0.000010 0.000010 0.334883 0.000010 0.149129
0.523010 0.003042 0.124332 0.000010 0.000010 0.161539 0.000010 0.188047
0.630258 0.000010 0.113394 0.000010 0.000010 0.065268 0.000010 0.191040
0.609874 0.000010 0.133529 0.000010 0.000010 0.072304 0.000010 0.184253
0.583846 0.000010 0.155379 0.000010 0.000010 0.078765 0.000010 0.181970
0.613592 0.000010 0.148135 0.000010 0.000010 0.044294 0.000010 0.193939
0.583926 0.000010 0.132240 0.000010 0.000010 0.074935 0.000010 0.208859
0.584317 0.000010 0.151492 0.000010 0.000010 0.081237 0.000010 0.182914
0.678795 0.000010 0.055770 0.000010 0.000010 0.090896 0.004028 0.170480
0.501396 0.012250 0.174432 0.000010 0.000010 0.183455 0.000010 0.128436
0.527708 0.004810 0.128317 0.000010 0.000010 0.155055 0.000010 0.184079
0.521303 0.000010 0.212593 0.000010 0.000010 0.086849 0.000010 0.179214
0.515418 0.002420 0.156474 0.000010 0.000010 0.191589 0.000010 0.134070
0.555576 0.000010 0.161836 0.000010 0.000010 0.086215 0.000010 0.196334
0.583150 0.000010 0.115393 0.000010 0.000010 0.116609 0.000010 0.184808
0.496215 0.000010 0.192256 0.000010 0.000010 0.122573 0.000010 0.188916
0.545069 0.004864 0.107735 0.000010 0.000010 0.173141 0.000010 0.169162
0.555307 0.006394 0.147556 0.000010 0.000010 0.145146 0.000010 0.145567
0.492952 0.004105 0.125592 0.000010 0.000010 0.246410 0.000010 0.130912
0.559188 0.000010 0.121270 0.000010 0.000010 0.118019 0.000010 0.201483
0.584381 0.000268 0.124853 0.000010 0.000010 0.107683 0.000010 0.182786
0.582873 0.000010 0.148699 0.000010 0.000010 0.078516 0.000010 0.189871
0.593038 0.000010 0.147010 0.000010 0.000010 0.088539 0.000010 0.171374
0.495715 0.000490 0.171766 0.000010 0.000010 0.142376 0.000010 0.189624
0.565187 0.000010 0.128893 0.000010 0.000010 0.166966 0.000010 0.138913
0.598102 0.000010 0.120511 0.000010 0.000010 0.071274 0.000010 0.210072
0.677954 0.000010 0.086092 0.000010 0.000010 0.072840 0.000010 0.163074
0.503699 0.009677 0.118033 0.000010 0.000010 0.205561 0.000010 0.163001
0.257753 0.006586 0.072120 0.000010 0.000010 0.625697 0.000010 0.037814
0.524159 0.001463 0.145659 0.000010 0.000010 0.117656 0.000010 0.211032
0.567556 0.000010 0.144353 0.000010 0.000010 0.109841 0.000010 0.178210
0.736286 0.000010 0.068655 0.000010 0.000010 0.011295 0.000010 0.183724
0.537310 0.000010 0.298846 0.000010 0.000010 0.000010 0.000010 0.163795
0.663886 0.000015 0.128622 0.000010 0.000010 0.018984 0.000010 0.188463
0.493489 0.000010 0.296413 0.000010 0.000010 0.038459 0.000010 0.171599
0.541275 0.000010 0.224821 0.000010 0.000010 0.060269 0.000010 0.173594
0.455497 0.000010 0.294807 0.000010 0.000010 0.135010 0.000010 0.114645
0.500710 0.000010 0.253043 0.000010 0.000010 0.090113 0.000380 0.155723
0.520878 0.000010 0.263080 0.000010 0.000010 0.056089 0.000010 0.159913
0.528663 0.000010 0.262901 0.000010 0.000010 0.057215 0.000010 0.151181
0.679007 0.000010 0.147286 0.000010 0.000010 0.016880 0.000010 0.156787
0.546450 0.000010 0.215926 0.000010 0.000010 0.117792 0.000010 0.119792
0.520862 0.000010 0.273372 0.000010 0.000010 0.079899 0.000010 0.125827
0.497803 0.000012 0.341004 0.000010 0.000010 0.017580 0.001720 0.141861
0.421173 0.002977 0.300549 0.000010 0.000010 0.175327 0.000010 0.099944
0.521714 0.000010 0.273897 0.000010 0.000010 0.038863 0.000010 0.165487
0.387325 0.000010 0.365179 0.000010 0.000010 0.190449 0.000010 0.057007
0.574516 0.000015 0.249222 0.000010 0.000010 0.049188 0.000010 0.127030
0.365513 0.000010 0.439797 0.000010 0.000010 0.104137 0.000010 0.090513
0.527592 0.009775 0.175736 0.000010 0.000010 0.171740 0.000010 0.115128
0.552050 0.000010 0.161300 0.000010 0.000010 0.094958 0.001432 0.190230
0.598604 0.000010 0.116278 0.000010 0.000010 0.096766 0.000247 0.188075
0.496774 0.002397 0.141491 0.000010 0.000010 0.225912 0.000010 0.133395
0.581137 0.000010 0.058570 0.000010 0.000010 0.019346 0.000010 0.340907
0.520894 0.000010 0.157649 0.000010 0.000010 0.107833 0.000010 0.213584
0.534476 0.008316 0.141145 0.000010 0.000010 0.176307 0.000010 0.139726
0.627339 0.000010 0.048341 0.000010 0.000010 0.052701 0.002123 0.269467
0.661906 0.000010 0.119714 0.000010 0.000010 0.058666 0.000010 0.159674
0.572290 0.000010 0.175439 0.000010 0.000010 0.086084 0.000010 0.166147
0.564442 0.000010 0.181093 0.000010 0.000010 0.070619 0.000010 0.183807
0.548984 0.000010 0.151252 0.000010 0.000010 0.124476 0.000010 0.175248
0.582795 0.003710 0.161051 0.000010 0.000010 0.113332 0.000010 0.139083
0.455241 0.000010 0.252699 0.000010 0.000010 0.177006 0.000010 0.115014
0.423921 0.001692 0.222079 0.000010 0.000010 0.212273 0.000010 0.140004
0.465771 0.002675 0.225962 0.000010 0.000010 0.158040 0.000010 0.147523
0.568443 0.000010 0.189677 0.000010 0.000010 0.089280 0.000010 0.152560
0.647343 0.000010 0.145013 0.000010 0.000010 0.057926 0.000010 0.149678
0.517210 0.001395 0.145015 0.000010 0.000010 0.170026 0.000010 0.166323
0.663986 0.000010 0.085557 0.000010 0.000010 0.044518 0.000010 0.205899
0.562707 0.000010 0.126487 0.000010 0.000010 0.094497 0.000010 0.216268
0.592564 0.000010 0.115201 0.000010 0.000010 0.114210 0.000010 0.177986
0.196786 0.042522 0.070761 0.000010 0.000010 0.646170 0.000010 0.043730
0.355857 0.015638 0.055845 0.000010 0.000010 0.483470 0.000290 0.088880
0.506801 0.005174 0.166993 0.000010 0.000010 0.190101 0.000010 0.130901
0.555968 0.008030 0.112838 0.000010 0.000010 0.094135 0.001459 0.227550
0.498139 0.000010 0.313851 0.000010 0.000010 0.078582 0.000010 0.109388
0.590015 0.000010 0.263873 0.000010 0.000010 0.021341 0.000010 0.124731
0.565708 0.002380 0.227628 0.000010 0.000010 0.036837 0.000010 0.167417
0.419555 0.000010 0.294932 0.000010 0.000010 0.166938 0.000010 0.118535
0.644842 0.000010 0.162097 0.000010 0.000010 0.003136 0.000010 0.189885
0.580105 0.000010 0.287955 0.000010 0.000010 0.005871 0.000010 0.126028
0.688707 0.000010 0.121542 0.000010 0.000010 0.019350 0.000010 0.170362
0.462545 0.000010 0.308338 0.000010 0.000010 0.127185 0.000010 0.101892
0.557888 0.000010 0.256986 0.000010 0.000010 0.062479 0.000010 0.122606
0.519844 0.001722 0.266058 0.000010 0.000010 0.068882 0.000663 0.142811
0.432162 0.000010 0.307054 0.000010 0.000010 0.184881 0.000010 0.075862
0.820221 0.000010 0.032849 0.000010 0.000010 0.003708 0.000010 0.143181
0.509072 0.000010 0.357725 0.000010 0.000010 0.004591 0.000010 0.128571
0.573374 0.000010 0.263598 0.000010 0.000010 0.016254 0.000010 0.146734
0.591589 0.000010 0.251088 0.000010 0.000010 0.019627 0.000708 0.136958
0.533931 0.000010 0.222651 0.000010 0.000010 0.060687 0.000010 0.182691
0.480558 0.003698 0.140223 0.000010 0.000010 0.223311 0.000010 0.152180
0.524325 0.000010 0.192106 0.000010 0.000010 0.105471 0.000010 0.178058
0.505416 0.000010 0.183398 0.000010 0.000010 0.113691 0.000010 0.197454
0.541758 0.000010 0.176482 0.000010 0.000010 0.149922 0.000010 0.131798
0.488905 0.007276 0.149246 0.000010 0.000010 0.229440 0.001204 0.123910
0.599192 0.000010 0.094210 0.000010 0.000010 0.087773 0.000010 0.218786
0.586753 0.000010 0.122347 0.000010 0.000010 0.121612 0.000010 0.169247
0.545405 0.000027 0.158019 0.000010 0.000010 0.110605 0.000010 0.185914
0.596592 0.000010 0.083773 0.000010 0.000010 0.126193 0.000010 0.193401
0.569657 0.000027 0.179425 0.000010 0.000010 0.096460 0.000010 0.154401
0.999930 0.000010 0.000010 0.000010 0.000010 0.000010 0.000010 0.000010
0.339888 0.000010 0.590709 0.000010 0.000010 0.000010 0.000010 0.069353
0.304151 0.011216 0.222981 0.000010 0.000010 0.343055 0.000010 0.118568
0.469809 0.000010 0.401699 0.000010 0.000010 0.029031 0.000010 0.099421
0.579340 0.000010 0.221855 0.000010 0.000010 0.049269 0.001126 0.148381
0.463760 0.000010 0.390650 0.000010 0.000010 0.038527 0.000010 0.107022
0.438032 0.000010 0.386396 0.000010 0.000010 0.069615 0.000010 0.105916
0.526547 0.000010 0.284276 0.000010 0.000010 0.006659 0.000475 0.182013
0.611230 0.000010 0.199799 0.000010 0.000010 0.024124 0.000010 0.164806
0.654957 0.000010 0.154440 0.000010 0.000010 0.008503 0.000010 0.182061
0.528495 0.000010 0.300294 0.000010 0.000010 0.051243 0.000010 0.119928
0.560201 0.000010 0.285974 0.000010 0.000010 0.011770 0.000010 0.142014
0.556282 0.000010 0.251779 0.000010 0.000010 0.037617 0.000010 0.154282
0.561375 0.000010 0.230975 0.000010 0.000010 0.064065 0.000010 0.143544
0.506313 0.000010 0.240483 0.000010 0.000010 0.118360 0.000010 0.134804
0.462170 0.000847 0.316169 0.000010 0.000010 0.174301 0.000010 0.046483
0.509425 0.000010 0.269579 0.000010 0.000010 0.142815 0.003350 0.074801
0.560119 0.000010 0.251478 0.000010 0.000010 0.102287 0.000010 0.086076
0.281995 0.000010 0.512575 0.000010 0.000010 0.126620 0.000010 0.078770
0.510033 0.000010 0.317764 0.000010 0.000010 0.033912 0.000010 0.138251
0.564062 0.000010 0.257642 0.000010 0.000010 0.008438 0.000010 0.169818
0.446189 0.003462 0.304221 0.000010 0.000010 0.134728 0.000010 0.111370
0.483140 0.000010 0.307098 0.000010 0.000010 0.101928 0.000010 0.107793
0.446337 0.000010 0.377526 0.000010 0.000010 0.034861 0.000010 0.141236
0.572635 0.000010 0.240428 0.000010 0.000010 0.023631 0.000010 0.163266
0.575831 0.000010 0.225362 0.000010 0.000010 0.056144 0.000010 0.142623
0.665182 0.000010 0.140512 0.000010 0.000010 0.047021 0.000010 0.147244
0.334331 0.009644 0.284028 0.000010 0.000010 0.269130 0.000010 0.102837
0.503654 0.002514 0.183935 0.000010 0.000010 0.156283 0.000010 0.153584
0.487104 0.006643 0.144237 0.000010 0.000010 0.197054 0.000010 0.164931
0.621541 0.000010 0.121475 0.000010 0.000010 0.076225 0.000010 0.180719
0.477156 0.000010 0.207477 0.000010 0.000010 0.166184 0.000010 0.149143
0.512027 0.000010 0.157879 0.000010 0.000010 0.163937 0.000010 0.166116
0.461608 0.000010 0.180498 0.000010 0.000010 0.158828 0.000010 0.199026
0.493886 0.001912 0.173127 0.000010 0.000010 0.162967 0.002050 0.166037
0.572818 0.000010 0.111814 0.000010 0.000010 0.090640 0.000010 0.224687
0.504514 0.000010 0.220241 0.000010 0.000010 0.079794 0.000010 0.195410
0.479400 0.000348 0.199902 0.000010 0.000010 0.128681 0.000010 0.191639
0.538494 0.000010 0.161823 0.000010 0.000010 0.131822 0.000010 0.167821
0.487607 0.000010 0.269699 0.000010 0.000010 0.103536 0.000010 0.139118
0.599007 0.000010 0.239395 0.000010 0.000010 0.030639 0.000010 0.130919
0.344521 0.000010 0.520466 0.000010 0.000010 0.035322 0.000010 0.099650
0.701100 0.000010 0.113049 0.000010 0.000010 0.007462 0.000010 0.178348
0.754704 0.000010 0.043721 0.000010 0.000010 0.007342 0.000010 0.194194
0.468253 0.004758 0.230642 0.000010 0.000010 0.167893 0.000010 0.128425
0.449369 0.000010 0.401805 0.000010 0.000010 0.010705 0.000010 0.138081
0.348225 0.000010 0.571713 0.000010 0.000010 0.045975 0.000010 0.034046
0.483715 0.000010 0.294001 0.000010 0.000010 0.092680 0.000010 0.129564
0.522115 0.000010 0.250688 0.000010 0.000010 0.065222 0.000010 0.161936
0.453005 0.000010 0.396875 0.000010 0.000010 0.033179 0.000010 0.116901
0.451988 0.000010 0.391608 0.000010 0.000010 0.049118 0.000010 0.107245
0.456897 0.000010 0.397796 0.000010 0.000010 0.033144 0.000010 0.112123
0.332203 0.000175 0.378049 0.000010 0.000010 0.181191 0.000010 0.108352
0.327615 0.005373 0.319141 0.000010 0.000010 0.290388 0.000010 0.057454
0.374401 0.000010 0.320911 0.000010 0.000010 0.188725 0.000010 0.115923
0.603334 0.000010 0.191662 0.000010 0.000010 0.005894 0.000010 0.199070
0.579003 0.000010 0.175239 0.000010 0.000010 0.012395 0.000010 0.233323
0.682165 0.000010 0.152536 0.000010 0.000010 0.006914 0.000010 0.158345
0.666169 0.000017 0.115234 0.000010 0.000010 0.018153 0.000010 0.200396
0.283401 0.012107 0.261849 0.000010 0.000010 0.343853 0.000010 0.098759
0.467076 0.000010 0.358546 0.000010 0.000010 0.028817 0.000010 0.145522
0.579244 0.000010 0.143403 0.000010 0.000010 0.157407 0.000010 0.119906
0.699416 0.000010 0.117283 0.000010 0.000010 0.011714 0.000010 0.171547
0.621364 0.000011 0.152430 0.000010 0.000010 0.000010 0.000010 0.226154
0.570172 0.000010 0.210620 0.000010 0.000010 0.016517 0.000010 0.202651
0.397290 0.000010 0.418480 0.000010 0.000010 0.098734 0.000010 0.085456
0.395565 0.000191 0.391101 0.000010 0.000010 0.117955 0.000010 0.095158
0.464074 0.000010 0.378276 0.000010 0.000010 0.039974 0.000010 0.117636
0.466323 0.000010 0.347748 0.000010 0.000010 0.045274 0.000010 0.140614
0.777441 0.000010 0.000010 0.000010 0.000010 0.016409 0.000010 0.206100
0.733986 0.000010 0.000010 0.000010 0.000010 0.013935 0.000010 0.252029
0.816970 0.000010 0.000010 0.000010 0.000010 0.000010 0.000010 0.182970
0.785954 0.000010 0.000010 0.000010 0.000010 0.006085 0.000010 0.207911
0.785412 0.000010 0.000011 0.000010 0.000010 0.005442 0.000010 0.209095
0.782381 0.000010 0.000010 0.000010 0.000010 0.005892 0.000010 0.211677
0.757420 0.000010 0.000010 0.000010 0.000010 0.007389 0.000010 0.235141
0.772718 0.000010 0.000010 0.000010 0.000010 0.002181 0.000010 0.225051
0.877982 0.000010 0.000010 0.000010 0.000010 0.000010 0.000010 0.121958
0.864263 0.000010 0.000010 0.000010 0.000010 0.000126 0.000010 0.135561
0.936293 0.000010 0.000010 0.000010 0.000010 0.000010 0.000010 0.063647
0.966565 0.000010 0.000010 0.000010 0.000010 0.000010 0.000010 0.033375
0.948867 0.000010 0.000010 0.000010 0.000010 0.000010 0.000010 0.051073
0.975838 0.000010 0.000010 0.000010 0.000010 0.000010 0.000010 0.024102
0.965351 0.000010 0.000010 0.000010 0.000010 0.000010 0.000010 0.034589
0.978041 0.000010 0.000010 0.000010 0.000010 0.000010 0.000010 0.021899
0.763446 0.000010 0.000010 0.000010 0.000010 0.000189 0.000010 0.236315
0.796175 0.000010 0.000010 0.000010 0.000010 0.010110 0.000010 0.193665
0.717133 0.000010 0.000010 0.000010 0.000010 0.021428 0.000010 0.261389
0.776627 0.000010 0.000010 0.000010 0.000010 0.014019 0.000010 0.209304
0.803787 0.000010 0.000010 0.000010 0.000010 0.015216 0.000010 0.180947
0.779216 0.000010 0.000010 0.000010 0.000010 0.011950 0.000010 0.208784
0.835795 0.000010 0.000010 0.000010 0.000010 0.000010 0.000010 0.164145
0.808153 0.000010 0.000010 0.000010 0.000010 0.000010 0.000010 0.191787
0.577338 0.000010 0.222908 0.000010 0.000010 0.054325 0.002998 0.142401
0.313586 0.013410 0.231919 0.000010 0.000010 0.364457 0.000010 0.076597
0.340574 0.000010 0.328925 0.000010 0.000010 0.220916 0.000010 0.109544
0.255911 0.000010 0.700441 0.000010 0.000010 0.000010 0.000010 0.043597
0.390659 0.000010 0.477900 0.000010 0.000010 0.000010 0.000010 0.131391
0.264217 0.000010 0.666835 0.000010 0.000010 0.000010 0.000010 0.068898
0.020550 0.000010 0.979390 0.000010 0.000010 0.000010 0.000010 0.000010
0.415281 0.000010 0.436709 0.000010 0.000010 0.058418 0.000010 0.089552
0.302583 0.000010 0.612449 0.000010 0.000010 0.000010 0.000010 0.084919
0.160519 0.000010 0.000010 0.000010 0.826642 0.000010 0.000010 0.012790
0.147790 0.000010 0.004204 0.000010 0.820368 0.000010 0.000010 0.027599
0.191028 0.000010 0.002075 0.000010 0.806847 0.000010 0.000010 0.000010
0.162371 0.000010 0.000010 0.000010 0.779235 0.000010 0.000010 0.058343
0.000010 0.000010 0.000010 0.991271 0.008669 0.000010 0.000010 0.000010
0.000010 0.000010 0.000010 0.962041 0.034558 0.000010 0.003352 0.000010
0.002282 0.000010 0.000010 0.988582 0.003006 0.000010 0.006090 0.000010
0.000010 0.000010 0.000010 0.988663 0.011277 0.000010 0.000010 0.000010
0.000010 0.000010 0.000010 0.993789 0.002513 0.000010 0.003648 0.000010
0.000010 0.000010 0.000010 0.992218 0.000011 0.000010 0.007721 0.000010
0.749350 0.000010 0.000010 0.000010 0.000010 0.010135 0.000010 0.240464
0.816605 0.000010 0.000010 0.000010 0.000010 0.008063 0.000010 0.175282
0.840199 0.000010 0.000010 0.000010 0.000010 0.000010 0.000010 0.159741
0.839084 0.000010 0.000010 0.000010 0.000010 0.002313 0.000010 0.158553
0.828779 0.000010 0.000010 0.000010 0.000010 0.002212 0.000010 0.168960
0.805806 0.000010 0.000015 0.000010 0.000010 0.009918 0.000010 0.184222
0.771216 0.000010 0.000010 0.000010 0.000010 0.008365 0.000010 0.220369
0.795514 0.000010 0.000010 0.000010 0.000010 0.012832 0.000010 0.191604
0.804785 0.000010 0.000010 0.000010 0.000010 0.000010 0.000010 0.195155
0.841123 0.000010 0.000010 0.000010 0.000010 0.000010 0.000010 0.158817
0.778555 0.000010 0.000010 0.000010 0.000010 0.006385 0.000010 0.215010
